2023-11-01:16:32:10,45 INFO     [psi4.optking.optwrapper:214] Creating a UserComputer
2023-11-01:16:32:10,45 INFO     [psi4.optking.optwrapper:222] 
    			-----------------------------------------

    			 OPTKING 3.0: for geometry optimizations 

    			     By R.A. King, Bethel University     

    			        with contributions from          

    			    A.V. Copan, J. Cayton, A. Heide      

    			-----------------------------------------

    
2023-11-01:16:32:10,46 INFO     [psi4.optking.optwrapper:238] 
		 -- Optimization Parameters --
	accept_symmetry_breaking       =           False
	alg_geom_maxiter               =             200
	bt_dx_conv                     =           1e-07
	bt_dx_rms_change_conv          =           1e-12
	bt_max_iter                    =              25
	cart_hess_read                 =           False
	consecutive_backsteps_allowed  =               0
	conv_max_DE                    =           1e-06
	conv_max_disp                  =          0.0012
	conv_max_force                 =          0.0003
	conv_rms_disp                  =              -1
	conv_rms_force                 =              -1
	covalent_connect               =             1.3
	dynamic_level                  =               0
	dynamic_level_max              =               0
	ensure_bt_convergence          =           False
	ext_force_bend                 =              []
	ext_force_cartesian            =              []
	ext_force_dihedral             =              []
	ext_force_distance             =              []
	ext_force_oofp                 =              []
	fix_val_near_pi                =            1.57
	flexible_g_convergence         =           False
	frag_mode                      =          SINGLE
	frag_ref_atoms                 =            None
	freeze_intrafrag               =           False
	frozen_bend                    =              []
	frozen_cartesian               =              []
	frozen_dihedral                =              []
	frozen_distance                =              []
	frozen_oofp                    =              []
	full_hess_every                =              10
	g_convergence                  =           QCHEM
	generate_intcos_exit           =           False
	geom_maxiter                   =             200
	h_bond_connect                 =             4.3
	hess_update                    =          BOFILL
	hess_update_den_tol            =           1e-07
	hess_update_dq_tol             =             0.5
	hess_update_limit              =            True
	hess_update_limit_max          =             1.0
	hess_update_limit_scale        =             0.5
	hess_update_use_last           =               4
	hessian_file                   =            None
	i_max_DE                       =            True
	i_max_disp                     =            True
	i_max_force                    =            True
	i_rms_disp                     =           False
	i_rms_force                    =           False
	i_untampered                   =            True
	include_oofp                   =           False
	interfrag_collinear_tol        =            0.01
	interfrag_coords               =            None
	interfrag_dist_inv             =           False
	interfrag_mode                 =           FIXED
	interfrag_trust                =             0.5
	interfrag_trust_max            =             1.0
	interfrag_trust_min            =           0.001
	interfragment_connect          =             1.8
	intrafrag_hess                 =        SCHLEGEL
	intrafrag_trust                =             0.5
	intrafrag_trust_max            =             1.0
	intrafrag_trust_min            =           0.001
	irc_direction                  =         FORWARD
	irc_points                     =              20
	irc_step_size                  =             0.2
	keep_intcos                    =           False
	linear_bend_threshold          =            3.05
	linesearch                     =           False
	linesearch_step                =             0.1
	max_disp_g_convergence         =          0.0012
	max_energy_g_convergence       =           1e-06
	max_force_g_convergence        =          0.0003
	opt_coordinates                =       REDUNDANT
	opt_type                       =              TS
	output_type                    =            FILE
	print_lvl                      =               1
	program                        =            psi4
	ranged_bend                    =              []
	ranged_cartesian               =              []
	ranged_dihedral                =              []
	ranged_distance                =              []
	ranged_oofp                    =              []
	redundant_eval_tol             =           1e-10
	rfo_follow_root                =           False
	rfo_normalization_max          =             100
	rfo_root                       =               0
	rms_disp_g_convergence         =          0.0012
	rms_force_g_convergence        =          0.0003
	rsrfo_alpha_max                =     100000000.0
	sd_hessian                     =             1.0
	simple_step_scaling            =           False
	small_bend_fix_threshold       =            0.35
	steepest_descent_type          =         OVERLAP
	step_type                      =           P_RFO
	test_B                         =           False
	test_derivative_B              =           False
	trajectory                     =           False
	v3d_tors_angle_lim             =           0.017
	v3d_tors_cos_tol               =           1e-10
	working_consecutive_backsteps  =               0
	working_steps_since_last_H     =               0


2023-11-01:16:32:11,284 INFO     [psi4.optking.opt_helper:151] Molsys:

	                            ===> Fragment 1 <== 

	 Z (Atomic Numbers)          Masses                          Geom                  
	       1.000000             1.007825          1.88754873  1.44500942 -3.86976346   
	       7.000000            14.003074          2.12442423  1.79902905 -1.99878527   
	       1.000000             1.007825          3.92581359  2.03921641 -1.38421304   
	       8.000000            15.994915          0.41263856  3.29519549 -0.94460122   
	       1.000000             1.007825         -0.81723228  1.95971779  0.24180432   
	       8.000000            15.994915         -1.74893027  0.07870659  1.33150444   
	       7.000000            14.003074         -0.27920823 -1.68261929  0.54170220   
	       8.000000            15.994915         -0.59394186 -3.81883331  1.20454227   

	 - Coordinate -           - BOHR/RAD -       - ANG/DEG -
	 R(1,2)           =         1.918854           1.015414
	 R(2,3)           =         1.918435           1.015192
	 R(2,4)           =         2.505998           1.326117
	 R(4,5)           =         2.168788           1.147673
	 R(5,6)           =         2.365103           1.251558
	 R(6,7)           =         2.426137           1.283856
	 R(7,8)           =         2.258722           1.195264
	 B(1,2,3)         =         2.039098         116.831719
	 B(1,2,4)         =         2.021941         115.848660
	 B(2,4,5)         =         1.823310         104.467968
	 B(3,2,4)         =         2.017385         115.587667
	 B(4,5,6)         =         2.876884         164.833328
	 B(5,6,7)         =         1.760691         100.880147
	 B(6,7,8)         =         2.102104         120.441668
	 D(1,2,4,5)       =         1.850832         106.044843
	 D(2,4,5,6)       =         0.045900           2.629861
	 D(3,2,4,5)       =        -1.953873        -111.948677
	 D(4,5,6,7)       =        -0.036585          -2.096189
	 D(5,6,7,8)       =        -3.141523        -179.995985

2023-11-01:16:32:11,311 INFO     [psi4.driver.task_planner:283] PLANNING Atomic:  keywords={'DIPMOM': 1, 'FULL_HESS_EVERY': 10, 'GEOM_MAXITER': 200, 'OPT_TYPE': 'TS', 'REFERENCE': 'UHF', 'SOSCF': 0, 'function_kwargs': {}}
2023-11-01:16:32:11,315 INFO     [psi4.driver.driver:637] Compute gradient(): method=scf, basis=sto-3g, molecule=default, nre=179.08419309252605
2023-11-01:16:32:14,111 INFO     [psi4.driver.driver:640] Return gradient(): -330.51916972724405
2023-11-01:16:32:14,111 INFO     [psi4.driver.driver:641] [[-0.00225699 -0.00188243  0.01584324]
 [-0.01833555  0.02906722  0.00726848]
 [-0.01510581 -0.00481040 -0.00017677]
 [ 0.02309058 -0.03746282 -0.00949460]
 [ 0.01966951  0.03368501 -0.02266640]
 [ 0.07456013 -0.09861172 -0.03830149]
 [-0.11519019 -0.00694566  0.09066113]
 [ 0.03356832  0.08696079 -0.04313359]]
2023-11-01:16:32:14,141 INFO     [psi4.driver.task_planner:283] PLANNING Atomic:  keywords={'DIPMOM': 1, 'FULL_HESS_EVERY': 10, 'GEOM_MAXITER': 200, 'SCF__INTS_TOLERANCE': 1e-12, 'OPT_TYPE': 'TS', 'REFERENCE': 'UHF', 'SOSCF': 0, 'function_kwargs': {}}
2023-11-01:16:32:14,146 INFO     [psi4.driver.driver:1470] Compute hessian(): method=scf, basis=sto-3g, molecule=default, nre=179.08419309252605
2023-11-01:16:32:31,887 INFO     [psi4.driver.driver:1474] Return hessian(): -330.5191697271172
2023-11-01:16:32:31,890 INFO     [psi4.driver.driver:1475] [[ 0.08708102 -0.01103751  0.07185426 -0.10073813  0.01396017 -0.07346508  0.00834613 -0.00605824 -0.04133570
   0.00994059  0.00439047  0.03643467 -0.00739626 -0.00771456  0.00953526  0.00192733  0.00561369 -0.00204815
   0.00221492  0.00193140 -0.00247395 -0.00137560 -0.00108542  0.00149869]
 [-0.01103751  0.03178849  0.12141283 -0.00051723  0.00531115 -0.07636008 -0.00400687 -0.00902631 -0.00260741
   0.02613460 -0.01954263 -0.05404193 -0.01832432 -0.02608816  0.02053744  0.00856580  0.01224194 -0.00747071
   0.00020503  0.00821149 -0.00351722 -0.00101949 -0.00289599  0.00204709]
 [ 0.07185426  0.12141283  0.58845247 -0.10670068 -0.12947926 -0.57495891  0.01901233  0.01239343  0.00110714
   0.02018125  0.00025122 -0.01615029 -0.00799092 -0.01266235  0.00570391  0.00531138  0.00412202 -0.00555647
  -0.00128193  0.00598724  0.00118944 -0.00038568 -0.00202512  0.00021270]
 [-0.10073813 -0.00051723 -0.10670068  0.99318409 -0.14845911  0.08196503 -0.52940881 -0.09585480 -0.14850283
  -0.29847078  0.25460055  0.11989771 -0.09228086 -0.08175601  0.08744930  0.04186917  0.04316396 -0.04098263
  -0.01176802  0.04388603  0.00319699 -0.00238665 -0.01506338  0.00367712]
 [ 0.01396017  0.00531115 -0.12947926 -0.14845911  0.18476512  0.32937960 -0.05271982 -0.00479507 -0.06980476
   0.13467128 -0.24426693 -0.08015625  0.11649001  0.18449008 -0.12381005 -0.04337321 -0.09563212  0.05208779
  -0.03306794 -0.04241970  0.03388585  0.01249862  0.01254746 -0.01210291]
 [-0.07346508 -0.07636008 -0.57495891  0.08196503  0.32937960  0.89863796 -0.19482685 -0.07559975 -0.13636543
   0.14504460 -0.17457499 -0.15915665  0.04879714  0.02798964 -0.04185308 -0.02402838 -0.01491723  0.02135890
   0.01826236 -0.02480688 -0.00576650 -0.00174881  0.00888971 -0.00189630]
 [ 0.00834613 -0.00400687  0.01901233 -0.52940881 -0.05271982 -0.19482685  0.55901172  0.05131495  0.16759229
  -0.04152454 -0.00075964  0.01463849  0.00837263  0.01731604 -0.01255957 -0.00723162 -0.00637850  0.00649001
   0.00237537 -0.00709420  0.00048418  0.00005912  0.00232804 -0.00083088]
 [-0.00605824 -0.00902631  0.01239343 -0.09585480 -0.00479507 -0.07559975  0.05131495  0.02768726  0.05767680
   0.05919579 -0.00764601 -0.00030256 -0.01327045 -0.01743432  0.01181914  0.00407513  0.00744387 -0.00607807
   0.00171238  0.00566637 -0.00036855 -0.00111476 -0.00189579  0.00045956]
 [-0.04133570 -0.00260741  0.00110714 -0.14850283 -0.06980476 -0.13636543  0.16759229  0.05767680  0.12149705
   0.01219878  0.01097358  0.01907859  0.01423001  0.01443451 -0.01112532 -0.00361331 -0.00783827  0.00510018
  -0.00236002 -0.00488676  0.00219237  0.00179078  0.00205231 -0.00148459]
 [ 0.00994059  0.02613460  0.02018125 -0.29847078  0.13467128  0.14504460 -0.04152454  0.05919579  0.01219878
   0.29475793 -0.22680465 -0.14597900  0.12897293  0.21680849 -0.15004657 -0.07548333 -0.19138861  0.10045963
  -0.03973385 -0.03161620  0.03725344  0.02154105  0.01299930 -0.01911214]
 [ 0.00439047 -0.01954263  0.00025122  0.25460055 -0.24426693 -0.17457499 -0.00075964 -0.00764601  0.01097358
  -0.22680465  0.38779895  0.11802355 -0.00324989 -0.06264017  0.01153376 -0.01241097 -0.06867083  0.02434073
  -0.02226601  0.02306252  0.01300312  0.00650014 -0.00809490 -0.00355097]
 [ 0.03643467 -0.05404193 -0.01615029  0.11989771 -0.08015625 -0.15915665  0.01463849 -0.00030256  0.01907859
  -0.14597900  0.11802355  0.14837533 -0.10602500 -0.15354315  0.09688529  0.06373020  0.15859673 -0.07387924
   0.03481530  0.01957534 -0.03016609 -0.01751237 -0.00815172  0.01501304]
 [-0.00739626 -0.01832432 -0.00799092 -0.09228086  0.11649001  0.04879714  0.00837263 -0.01327045  0.01423001
   0.12897293 -0.00324989 -0.10602500 -0.07263817 -0.27234024  0.13935113  0.00250836  0.15868896 -0.05682853
   0.06121865  0.03452848 -0.05818947 -0.02875727 -0.00252255  0.02665565]
 [-0.00771456 -0.02608816 -0.01266235 -0.08175601  0.18449008  0.02798964  0.01731604 -0.01743432  0.01443451
   0.21680849 -0.06264017 -0.15354315 -0.27234024 -0.26210985  0.26432497  0.09087192  0.21541475 -0.11812594
   0.07094311 -0.02880472 -0.05020417 -0.03412875 -0.00282761  0.02778649]
 [ 0.00953526  0.02053744  0.00570391  0.08744930 -0.12381005 -0.04185308 -0.01255957  0.01181914 -0.01112532
  -0.15004657  0.01153376  0.09688529  0.13935113  0.26432497 -0.11139523 -0.04172871 -0.16632885  0.03336197
  -0.06426617 -0.02140343  0.04867814  0.03226533  0.00332702 -0.02025569]
 [ 0.00192733  0.00856580  0.00531138  0.04186917 -0.04337321 -0.02402838 -0.00723162  0.00407513 -0.00361331
  -0.07548333 -0.01241097  0.06373020  0.00250836  0.09087192 -0.04172871  0.29522719 -0.32958668 -0.18808346
  -0.27822794  0.20894743  0.23067894  0.01941084  0.07291058 -0.04226666]
 [ 0.00561369  0.01224194  0.00412202  0.04316396 -0.09563212 -0.01491723 -0.00637850  0.00744387 -0.00783827
  -0.19138861 -0.06867083  0.15859673  0.15868896  0.21541475 -0.16632885 -0.32958668  0.41200593  0.16729902
   0.24386846 -0.34923304 -0.10481680  0.07601871 -0.13357052 -0.03611661]
 [-0.00204815 -0.00747071 -0.00555647 -0.04098263  0.05208779  0.02135890  0.00649001 -0.00607807  0.00510018
   0.10045963  0.02434073 -0.07387924 -0.05682853 -0.11812594  0.03336197 -0.18808346  0.16729902  0.08064520
   0.22388246 -0.07862361 -0.08388547 -0.04288934 -0.03342920  0.02285493]
 [ 0.00221492  0.00020503 -0.00128193 -0.01176802 -0.03306794  0.01826236  0.00237537  0.00171238 -0.00236002
  -0.03973385 -0.02226601  0.03481530  0.06121865  0.07094311 -0.06426617 -0.27822794  0.24386846  0.22388246
   0.29746321 -0.03146289 -0.32726154 -0.03354234 -0.22993214  0.11820953]
 [ 0.00193140  0.00821149  0.00598724  0.04388603 -0.04241970 -0.02480688 -0.00709420  0.00566637 -0.00488676
  -0.03161620  0.02306252  0.01957534  0.03452848 -0.02880472 -0.02140343  0.20894743 -0.34923304 -0.07862361
  -0.03146289  1.45538352 -0.28772397 -0.21912005 -1.07186645  0.39188208]
 [-0.00247395 -0.00351722  0.00118944  0.00319699  0.03388585 -0.00576650  0.00048418 -0.00036855  0.00219237
   0.03725344  0.01300312 -0.03016609 -0.05818947 -0.05020417  0.04867814  0.23067894 -0.10481680 -0.08388547
  -0.32726154 -0.28772397  0.17538280  0.11631142  0.39974174 -0.10762469]
 [-0.00137560 -0.00101949 -0.00038568 -0.00238665  0.01249862 -0.00174881  0.00005912 -0.00111476  0.00179078
   0.02154105  0.00650014 -0.01751237 -0.02875727 -0.03412875  0.03226533  0.01941084  0.07601871 -0.04288934
  -0.03354234 -0.21912005  0.11631142  0.02505086  0.16036558 -0.08783132]
 [-0.00108542 -0.00289599 -0.00202512 -0.01506338  0.01254746  0.00888971  0.00232804 -0.00189579  0.00205231
   0.01299930 -0.00809490 -0.00815172 -0.00252255 -0.00282761  0.00332702  0.07291058 -0.13357052 -0.03342920
  -0.22993214 -1.07186645  0.39974174  0.16036558  1.20860379 -0.37040473]
 [ 0.00149869  0.00204709  0.00021270  0.00367712 -0.01210291 -0.00189630 -0.00083088  0.00045956 -0.00148459
  -0.01911214 -0.00355097  0.01501304  0.02665565  0.02778649 -0.02025569 -0.04226666 -0.03611661  0.02285493
   0.11820953  0.39188208 -0.10762469 -0.08783132 -0.37040473  0.09318060]]
2023-11-01:16:32:31,918 INFO     [psi4.optking.molsys:771] Converting Hessian from cartesians to internals.
2023-11-01:16:32:31,920 INFO     [psi4.optking.molsys:787] Neglecting force/B-matrix derivative term, only correct at stationary points.
2023-11-01:16:32:31,924 INFO     [psi4.optking.molsys:874] Projected (PHP) Hessian matrix
	   0.622297  -0.017421   0.025159  -0.010083   0.014393   0.005332  -0.003018
	   0.006272   0.011468   0.003737   0.001013   0.004597   0.007905  -0.000918
	  -0.010665  -0.002445   0.017989  -0.003686  -0.006266
	  -0.017421   0.623247   0.025054  -0.010741   0.015186   0.005356  -0.003058
	   0.006155   0.000889   0.003303   0.011660   0.004724   0.007938  -0.000668
	  -0.017476   0.002846   0.011084   0.003862   0.005915
	   0.025159   0.025054   0.713810   0.103500  -0.142593  -0.018179   0.019065
	  -0.025713   0.053235   0.072954   0.054184  -0.015726  -0.010835  -0.029789
	  -0.052568   0.000133   0.051801   0.000219   0.000128
	  -0.010083  -0.010741   0.103500   0.065198   0.315456  -0.049811  -0.009847
	  -0.005810  -0.012782   0.022491  -0.013421   0.051072   0.039181   0.083277
	   0.025358   0.000421  -0.021679   0.000090   0.000025
	   0.014393   0.015186  -0.142593   0.315456  -0.078853   0.004203   0.015002
	   0.005672   0.015775   0.089466   0.016070   0.086434   0.065379  -0.063417
	  -0.029630   0.000303   0.025055  -0.000598  -0.000013
	   0.005332   0.005356  -0.018179  -0.049811   0.004203   0.781626   0.142691
	  -0.002238   0.005846  -0.068640   0.005915  -0.076517  -0.017360   0.148333
	  -0.006322  -0.000722   0.006136   0.000006   0.000417
	  -0.003018  -0.003058   0.019065  -0.009847   0.015002   0.142691   1.344996
	  -0.000960  -0.003353   0.013970  -0.003430   0.020565   0.017617   0.023370
	   0.005889   0.000261  -0.005316   0.000089   0.000318
	   0.006272   0.006155  -0.025713  -0.005810   0.005672  -0.002238  -0.000960
	   0.094712  -0.060465  -0.016385  -0.060120  -0.007840  -0.010109   0.007817
	   0.000041   0.000127   0.000478   0.000206   0.000167
	   0.011468   0.000889   0.053235  -0.012782   0.015775   0.005846  -0.003353
	  -0.060465   0.133432   0.013568  -0.064542   0.018515   0.027517  -0.007739
	   0.005422   0.030401  -0.006371   0.033291   0.007592
	   0.003737   0.003303   0.072954   0.022491   0.089466  -0.068640   0.013970
	  -0.016385   0.013568   0.281914   0.016082   0.052578  -0.022240   0.093513
	  -0.006209   0.003229   0.006015   0.002964   0.000451
	   0.001013   0.011660   0.054184  -0.013421   0.016070   0.005915  -0.003430
	  -0.060120  -0.064542   0.016082   0.132752   0.018596   0.028646  -0.008148
	   0.005991  -0.029395  -0.005754  -0.032514  -0.007414
	   0.004597   0.004724  -0.015726   0.051072   0.086434  -0.076517   0.020565
	  -0.007840   0.018515   0.052578   0.018596   0.073756  -0.074461   0.124301
	  -0.018534  -0.000118   0.019389  -0.000828  -0.003644
	   0.007905   0.007938  -0.010835   0.039181   0.065379  -0.017360   0.017617
	  -0.010109   0.027517  -0.022240   0.028646  -0.074461   0.074402   0.176504
	  -0.030386  -0.001944   0.030140  -0.001099  -0.000459
	  -0.000918  -0.000668  -0.029789   0.083277  -0.063417   0.148333   0.023370
	   0.007817  -0.007739   0.093513  -0.008148   0.124301   0.176504   0.201475
	   0.003686   0.001310  -0.004581   0.000090   0.000991
	  -0.010665  -0.017476  -0.052568   0.025358  -0.029630  -0.006322   0.005889
	   0.000041   0.005422  -0.006209   0.005991  -0.018534  -0.030386   0.003686
	  -0.010419  -0.008961   0.005624  -0.006258   0.011027
	  -0.002445   0.002846   0.000133   0.000421   0.000303  -0.000722   0.000261
	   0.000127   0.030401   0.003229  -0.029395  -0.000118  -0.001944   0.001310
	  -0.008961  -0.150134  -0.007385  -0.158050  -0.061192
	   0.017989   0.011084   0.051801  -0.021679   0.025055   0.006136  -0.005316
	   0.000478  -0.006371   0.006015  -0.005754   0.019389   0.030140  -0.004581
	   0.005624  -0.007385  -0.010485  -0.004866   0.011558
	  -0.003686   0.003862   0.000219   0.000090  -0.000598   0.000006   0.000089
	   0.000206   0.033291   0.002964  -0.032514  -0.000828  -0.001099   0.000090
	  -0.006258  -0.158050  -0.004866  -0.167493  -0.086906
	  -0.006266   0.005915   0.000128   0.000025  -0.000013   0.000417   0.000318
	   0.000167   0.007592   0.000451  -0.007414  -0.003644  -0.000459   0.000991
	   0.011027  -0.061192   0.011558  -0.086906  -0.128771

2023-11-01:16:32:31,924 INFO     [psi4.optking.opt_helper:168] 
	         Geometry (au)                                       Gradient (au)
   1.8875487332   1.4450094182  -3.8697634584		  -0.0022569914  -0.0018824299   0.0158432393
   2.1244242312   1.7990290474  -1.9987852741		  -0.0183355521   0.0290672249   0.0072684827
   3.9258135911   2.0392164123  -1.3842130381		  -0.0151058144  -0.0048103962  -0.0001767747
   0.4126385614   3.2951954915  -0.9446012179		   0.0230905817  -0.0374628232  -0.0094946013
  -0.8172322758   1.9597177940   0.2418043169		   0.0196695056   0.0336850106  -0.0226664019
  -1.7489302729   0.0787065891   1.3315044367		   0.0745601345  -0.0986117242  -0.0383014865
  -0.2792082327  -1.6826192915   0.5417021981		  -0.1151901862  -0.0069456563   0.0906611348
  -0.5939418560  -3.8188333138   1.2045422710		   0.0335683222   0.0869607943  -0.0431335922

2023-11-01:16:32:31,926 INFO     [psi4.optking.stepAlgorithms:823] 	Internal forces in au, in Hevect basis:

		 -0.055510  0.000808  0.062849  0.001350 -0.001622 -0.000000  0.000042
		 -0.004314 -0.007694  0.003885  0.000589 -0.044530 -0.031786  0.003353
		  0.003823 -0.000008  0.087809 -0.030124  0.124214

2023-11-01:16:32:31,926 INFO     [psi4.optking.stepAlgorithms:829] 	RFO max
	  -0.421129   0.055510
	   0.055510   0.000000

2023-11-01:16:32:31,927 INFO     [psi4.optking.stepAlgorithms:830] 	RFO min
	  -0.371218   0.000000   0.000000   0.000000   0.000000   0.000000   0.000000
	   0.000000   0.000000   0.000000   0.000000   0.000000   0.000000   0.000000
	   0.000000   0.000000   0.000000   0.000000  -0.000808
	   0.000000  -0.180526   0.000000   0.000000   0.000000   0.000000   0.000000
	   0.000000   0.000000   0.000000   0.000000   0.000000   0.000000   0.000000
	   0.000000   0.000000   0.000000   0.000000  -0.062849
	   0.000000   0.000000  -0.089834   0.000000   0.000000   0.000000   0.000000
	   0.000000   0.000000   0.000000   0.000000   0.000000   0.000000   0.000000
	   0.000000   0.000000   0.000000   0.000000  -0.001350
	   0.000000   0.000000   0.000000  -0.000062   0.000000   0.000000   0.000000
	   0.000000   0.000000   0.000000   0.000000   0.000000   0.000000   0.000000
	   0.000000   0.000000   0.000000   0.000000   0.001622
	   0.000000   0.000000   0.000000   0.000000   0.000000   0.000000   0.000000
	   0.000000   0.000000   0.000000   0.000000   0.000000   0.000000   0.000000
	   0.000000   0.000000   0.000000   0.000000   0.000000
	   0.000000   0.000000   0.000000   0.000000   0.000000   0.001890   0.000000
	   0.000000   0.000000   0.000000   0.000000   0.000000   0.000000   0.000000
	   0.000000   0.000000   0.000000   0.000000  -0.000042
	   0.000000   0.000000   0.000000   0.000000   0.000000   0.000000   0.012438
	   0.000000   0.000000   0.000000   0.000000   0.000000   0.000000   0.000000
	   0.000000   0.000000   0.000000   0.000000   0.004314
	   0.000000   0.000000   0.000000   0.000000   0.000000   0.000000   0.000000
	   0.112996   0.000000   0.000000   0.000000   0.000000   0.000000   0.000000
	   0.000000   0.000000   0.000000   0.000000   0.007694
	   0.000000   0.000000   0.000000   0.000000   0.000000   0.000000   0.000000
	   0.000000   0.168342   0.000000   0.000000   0.000000   0.000000   0.000000
	   0.000000   0.000000   0.000000   0.000000  -0.003885
	   0.000000   0.000000   0.000000   0.000000   0.000000   0.000000   0.000000
	   0.000000   0.000000   0.205034   0.000000   0.000000   0.000000   0.000000
	   0.000000   0.000000   0.000000   0.000000  -0.000589
	   0.000000   0.000000   0.000000   0.000000   0.000000   0.000000   0.000000
	   0.000000   0.000000   0.000000   0.237230   0.000000   0.000000   0.000000
	   0.000000   0.000000   0.000000   0.000000   0.044530
	   0.000000   0.000000   0.000000   0.000000   0.000000   0.000000   0.000000
	   0.000000   0.000000   0.000000   0.000000   0.248386   0.000000   0.000000
	   0.000000   0.000000   0.000000   0.000000   0.031786
	   0.000000   0.000000   0.000000   0.000000   0.000000   0.000000   0.000000
	   0.000000   0.000000   0.000000   0.000000   0.000000   0.481715   0.000000
	   0.000000   0.000000   0.000000   0.000000  -0.003353
	   0.000000   0.000000   0.000000   0.000000   0.000000   0.000000   0.000000
	   0.000000   0.000000   0.000000   0.000000   0.000000   0.000000   0.600607
	   0.000000   0.000000   0.000000   0.000000  -0.003823
	   0.000000   0.000000   0.000000   0.000000   0.000000   0.000000   0.000000
	   0.000000   0.000000   0.000000   0.000000   0.000000   0.000000   0.000000
	   0.640633   0.000000   0.000000   0.000000   0.000008
	   0.000000   0.000000   0.000000   0.000000   0.000000   0.000000   0.000000
	   0.000000   0.000000   0.000000   0.000000   0.000000   0.000000   0.000000
	   0.000000   0.751981   0.000000   0.000000  -0.087809
	   0.000000   0.000000   0.000000   0.000000   0.000000   0.000000   0.000000
	   0.000000   0.000000   0.000000   0.000000   0.000000   0.000000   0.000000
	   0.000000   0.000000   0.816208   0.000000   0.030124
	   0.000000   0.000000   0.000000   0.000000   0.000000   0.000000   0.000000
	   0.000000   0.000000   0.000000   0.000000   0.000000   0.000000   0.000000
	   0.000000   0.000000   0.000000   1.382771  -0.124214
	  -0.000808  -0.062849  -0.001350   0.001622   0.000000  -0.000042   0.004314
	   0.007694  -0.003885  -0.000589   0.044530   0.031786  -0.003353  -0.003823
	   0.000008  -0.087809   0.030124  -0.124214   0.000000

2023-11-01:16:32:31,927 INFO     [psi4.optking.stepAlgorithms:836] 	RFO min eigenvalues:

	%s	 -0.371220 -0.202840 -0.089851 -0.012166 -0.000000  0.000109  0.001890
		  0.013076  0.113393  0.168409  0.205035  0.241959  0.254631  0.481737
		  0.600629  0.640633  0.761704  0.817473  1.393990

2023-11-01:16:32:31,927 INFO     [psi4.optking.stepAlgorithms:837] 	RFO max eigenvalues:

	%s	 -0.428323  0.007194

2023-11-01:16:32:31,927 INFO     [psi4.optking.stepAlgorithms:851] 	RFO step in Hessian Eigenvector Basis

		  0.129598  0.999997  0.000810  0.000012 -0.000011 -0.000000  0.000000
		 -0.000028 -0.000039  0.000018  0.000003 -0.000180 -0.000126  0.000010
		  0.000010 -0.000000  0.000192 -0.000062  0.000174

2023-11-01:16:32:31,927 INFO     [psi4.optking.stepAlgorithms:852] 	RFO step in original Basis

		  0.005368 -0.009240  0.022169 -0.071613  0.094582 -0.007351 -0.001029
		 -0.004710 -0.084183 -0.022069  0.068833 -0.008567 -0.010629  0.027080
		  0.027066  0.613275 -0.002674  0.672466  0.399680

2023-11-01:16:32:31,927 INFO     [psi4.optking.stepAlgorithms:196] 	Step length exceeds trust radius of    0.50000.
2023-11-01:16:32:31,927 INFO     [psi4.optking.stepAlgorithms:197] 	Scaling displacements by    0.49585
2023-11-01:16:32:31,930 INFO     [psi4.optking.displace:73] 	Determining Cartesian step for fragment 1.
2023-11-01:16:32:31,949 INFO     [psi4.optking.displace:378] 	Successfully converged to displaced geometry.
2023-11-01:16:32:31,949 INFO     [psi4.optking.displace:379] 	RMS(dx):  7.304e-10 	Max(dx):  2.741e-09 	RMS(dq):  3.119e-05
2023-11-01:16:32:31,956 INFO     [psi4.optking.displace:132] 

	        --- Internal Coordinate Step in ANG or DEG, aJ/ANG or AJ/DEG ---
	-------------------------------------------------------------------------------
	           Coordinate      Previous         Force          Change          New 
	           ----------      --------        ------          ------        ------
	               R(1,2)       1.01541        0.12211        0.00141       1.01682
	               R(2,3)       1.01519        0.12229       -0.00242       1.01277
	               R(2,4)       1.32612        0.39044        0.00582       1.33193
	               R(4,5)       1.14767        0.19602       -0.01879       1.12888
	               R(5,6)       1.25156       -0.17979        0.02482       1.27638
	               R(6,7)       1.28386        1.01342       -0.00193       1.28193
	               R(7,8)       1.19526        0.82041       -0.00027       1.19499
	             B(1,2,3)     116.83172       -0.00037       -0.12921     116.70251
	             B(1,2,4)     115.84866       -0.00019       -2.38807     113.46059
	             B(2,4,5)     104.46797        0.00203       -0.62699     103.84098
	             B(3,2,4)     115.58767       -0.00014        1.95911     117.54678
	             B(4,5,6)     164.83333        0.00215       -0.24339     164.58993
	             B(5,6,7)     100.88015        0.00176       -0.30196     100.57818
	             B(6,7,8)     120.44167       -0.00433        0.76934     121.21101
	           D(1,2,4,5)     106.04484        0.00062        0.77160     106.81644
	           D(2,4,5,6)       2.62986        0.00000       17.42339      20.05325
	           D(3,2,4,5)    -111.94868       -0.00051       -0.07862    -112.02729
	           D(4,5,6,7)      -2.09619       -0.00002       19.10501      17.00882
	           D(5,6,7,8)    -179.99598       -0.00001       11.35508    -168.64091
	-------------------------------------------------------------------------------

2023-11-01:16:32:31,957 INFO     [psi4.optking.stepAlgorithms:96] 	|target step| :    0.4999999422
2023-11-01:16:32:31,957 INFO     [psi4.optking.stepAlgorithms:97] 	gradient     :    0.0062298403
2023-11-01:16:32:31,957 INFO     [psi4.optking.stepAlgorithms:98] 	hessian      :   -0.3720419945
2023-11-01:16:32:31,957 INFO     [psi4.optking.stepAlgorithms:177] 	Norm of achieved step-size    0.4999999422
2023-11-01:16:32:31,957 INFO     [psi4.optking.stepAlgorithms:179] 	Norm of achieved step-size (cart):    1.1308764105
2023-11-01:16:32:31,960 INFO     [psi4.optking.opt_helper:151] Molsys:

	                            ===> Fragment 1 <== 

	 Z (Atomic Numbers)          Masses                          Geom                  
	       1.000000             1.007825          1.83020202  2.00259382 -3.99256063   
	       7.000000            14.003074          2.08874050  1.81119469 -2.09816234   
	       1.000000             1.007825          3.89165373  1.59411848 -1.49383169   
	       8.000000            15.994915          0.56965525  3.27611277 -0.72643430   
	       1.000000             1.007825         -0.85105659  1.91212318  0.09331393   
	       8.000000            15.994915         -1.99470308 -0.06003166  0.88098745   
	       7.000000            14.003074         -0.13931972 -1.60682937  1.06384091   
	       8.000000            15.994915         -0.48405963 -3.81385975  1.39503691   

	 - Coordinate -           - BOHR/RAD -       - ANG/DEG -
	 R(1,2)           =         1.921515           1.016822
	 R(2,3)           =         1.913853           1.012767
	 R(2,4)           =         2.516991           1.331934
	 R(4,5)           =         2.133278           1.128882
	 R(5,6)           =         2.412002           1.276376
	 R(6,7)           =         2.422492           1.281927
	 R(7,8)           =         2.258212           1.194994
	 B(1,2,3)         =         2.036843         116.702510
	 B(1,2,4)         =         1.980261         113.460590
	 B(2,4,5)         =         1.812367         103.840982
	 B(3,2,4)         =         2.051578         117.546779
	 B(4,5,6)         =         2.872636         164.589934
	 B(5,6,7)         =         1.755420         100.578184
	 B(6,7,8)         =         2.115531         121.211009
	 D(1,2,4,5)       =         1.864299         106.816443
	 D(2,4,5,6)       =         0.349995          20.053251
	 D(3,2,4,5)       =        -1.955245        -112.027292
	 D(4,5,6,7)       =         0.296860          17.008817
	 D(5,6,7,8)       =        -2.943339        -168.640909

2023-11-01:16:32:31,961 INFO     [psi4.optking.convcheck:71] Performing convergence check.
2023-11-01:16:32:31,961 INFO     [psi4.optking.convcheck:263] 
	                                 ==> Convergence Check <==                                  
    
	Measures of convergence in internal coordinates in au.
    
	Criteria marked as inactive (o), active & met (*), and active & unmet ( ).

	----------------------------------------------------------------------------------------------
	   Step    Total Energy     Delta E     Max Force     RMS Force      Max Disp      RMS Disp   
	----------------------------------------------------------------------------------------------
	  Convergence Criteria     1.00e-06 *    3.00e-04 *             o    1.20e-03 *             o
	----------------------------------------------------------------------------------------------
	     1    -330.51916973   -3.31e+02      1.23e-01      4.24e-02 o    3.33e-01      1.15e-01 o  ~
	----------------------------------------------------------------------------------------------


2023-11-01:16:32:31,961 INFO     [psi4.optking.stepAlgorithms:266] 	Convergence check returned False
2023-11-01:16:32:31,989 INFO     [psi4.driver.task_planner:283] PLANNING Atomic:  keywords={'DIPMOM': 1, 'FULL_HESS_EVERY': 10, 'GEOM_MAXITER': 200, 'SCF__GUESS': 'READ', 'SCF__INTS_TOLERANCE': 1e-12, 'OPT_TYPE': 'TS', 'REFERENCE': 'UHF', 'SOSCF': 0, 'function_kwargs': {}}
2023-11-01:16:32:31,992 INFO     [psi4.driver.driver:637] Compute gradient(): method=scf, basis=sto-3g, molecule=default, nre=178.3059169653451
2023-11-01:16:32:32,916 INFO     [psi4.driver.driver:640] Return gradient(): -330.51880504687153
2023-11-01:16:32:32,917 INFO     [psi4.driver.driver:641] [[-0.00751542 -0.00532673  0.01314343]
 [-0.00706655  0.04728566  0.02759607]
 [-0.01617264 -0.00739095 -0.00426476]
 [ 0.03196163 -0.03456850 -0.03364619]
 [ 0.00177495  0.00352040 -0.00398975]
 [ 0.10855150 -0.07342347  0.01010572]
 [-0.15005602 -0.02331026  0.00631406]
 [ 0.03852255  0.09321384 -0.01525858]]
2023-11-01:16:32:32,925 INFO     [psi4.optking.history:257] 	Performing BOFILL update.
2023-11-01:16:32:32,927 INFO     [psi4.optking.history:268] 	Using 1 previous steps for update.
2023-11-01:16:32:32,928 INFO     [psi4.optking.history:302] 	Steps to be used in Hessian update:  1

2023-11-01:16:32:32,931 INFO     [psi4.optking.history:400] 	Updated Hessian (in au) 
 	   0.622412  -0.017516   0.024934  -0.009800   0.014505   0.005001  -0.003017
	   0.006265   0.010709   0.004143   0.001866   0.005173   0.008233  -0.000825
	  -0.010651   0.001575   0.018091   0.000714  -0.003573
	  -0.017516   0.623325   0.025243  -0.010982   0.015102   0.005629  -0.003059
	   0.006160   0.001511   0.002965   0.010959   0.004246   0.007665  -0.000742
	  -0.017485  -0.000429   0.010998   0.000277   0.003719
	   0.024934   0.025243   0.714232   0.103000  -0.142869  -0.017536   0.019064
	  -0.025697   0.054755   0.072184   0.052493  -0.016832  -0.011462  -0.029987
	  -0.052612  -0.008019   0.051605  -0.008705  -0.005326
	  -0.009800  -0.010982   0.103000   0.065754   0.315878  -0.050609  -0.009847
	  -0.005833  -0.014727   0.023422  -0.011277   0.052427   0.039945   0.083544
	   0.025436   0.010995  -0.021439   0.011665   0.007091
	   0.014505   0.015102  -0.142869   0.315878  -0.078898   0.003867   0.015005
	   0.005673   0.015120   0.089932   0.016850   0.087055   0.065743  -0.063365
	  -0.029662   0.003479   0.025168   0.002876   0.002135
	   0.005001   0.005629  -0.017536  -0.050609   0.003867   0.782574   0.142689
	  -0.002218   0.008036  -0.069800   0.003459  -0.078165  -0.018299   0.148062
	  -0.006367  -0.012338   0.005842  -0.012709  -0.007364
	  -0.003017  -0.003059   0.019064  -0.009847   0.015005   0.142689   1.344996
	  -0.000960  -0.003360   0.013972  -0.003423   0.020569   0.017620   0.023371
	   0.005890   0.000302  -0.005315   0.000134   0.000345
	   0.006265   0.006160  -0.025697  -0.005833   0.005673  -0.002218  -0.000960
	   0.094712  -0.060426  -0.016412  -0.060166  -0.007875  -0.010130   0.007814
	   0.000043  -0.000067   0.000472  -0.000006   0.000036
	   0.010709   0.001511   0.054755  -0.014727   0.015120   0.008036  -0.003360
	  -0.060426   0.138402   0.010849  -0.070148   0.014682   0.025324  -0.008333
	   0.005354   0.004253  -0.007056   0.004673  -0.009938
	   0.004143   0.002965   0.072184   0.023422   0.089932  -0.069800   0.013972
	  -0.016412   0.010849   0.283314   0.019116   0.054581  -0.021102   0.093861
	  -0.006138   0.017753   0.006371   0.018863   0.010174
	   0.001866   0.010959   0.052493  -0.011277   0.016850   0.003459  -0.003423
	  -0.060166  -0.070148   0.019116   0.139062   0.022884   0.031096  -0.007469
	   0.006081   0.000176  -0.004988  -0.000147   0.012406
	   0.005173   0.004246  -0.016832   0.052427   0.087055  -0.078165   0.020569
	  -0.007875   0.014682   0.054581   0.022884   0.076611  -0.072836   0.124783
	  -0.018445   0.020283   0.019897   0.021502   0.010017
	   0.008233   0.007665  -0.011462   0.039945   0.065743  -0.018299   0.017620
	  -0.010130   0.025324  -0.021102   0.031096  -0.072836   0.075327   0.176782
	  -0.030333   0.009745   0.030429   0.011697   0.007368
	  -0.000825  -0.000742  -0.029987   0.083544  -0.063365   0.148062   0.023371
	   0.007814  -0.008333   0.093861  -0.007469   0.124783   0.176782   0.201540
	   0.003686   0.004382  -0.004494   0.003453   0.003054
	  -0.010651  -0.017485  -0.052612   0.025436  -0.029662  -0.006367   0.005890
	   0.000043   0.005354  -0.006138   0.006081  -0.018445  -0.030333   0.003686
	  -0.010431  -0.008685   0.005640  -0.005957   0.011217
	   0.001575  -0.000429  -0.008019   0.010995   0.003479  -0.012338   0.000302
	  -0.000067   0.004253   0.017753   0.000176   0.020283   0.009745   0.004382
	  -0.008685  -0.013144  -0.003734  -0.008120   0.030686
	   0.018091   0.010998   0.051605  -0.021439   0.025168   0.005842  -0.005315
	   0.000472  -0.007056   0.006371  -0.004988   0.019897   0.030429  -0.004494
	   0.005640  -0.003734  -0.010395  -0.000870   0.014002
	   0.000714   0.000277  -0.008705   0.011665   0.002876  -0.012709   0.000134
	  -0.000006   0.004673   0.018863  -0.000147   0.021502   0.011697   0.003453
	  -0.005957  -0.008120  -0.000870  -0.003401   0.013651
	  -0.003573   0.003719  -0.005326   0.007091   0.002135  -0.007364   0.000345
	   0.000036  -0.009938   0.010174   0.012406   0.010017   0.007368   0.003054
	   0.011217   0.030686   0.014002   0.013651  -0.067151

2023-11-01:16:32:32,935 INFO     [psi4.optking.molsys:874] Projected (PHP) Hessian matrix
	   0.622412  -0.017516   0.024934  -0.009800   0.014505   0.005001  -0.003017
	   0.006265   0.010709   0.004143   0.001866   0.005173   0.008233  -0.000825
	  -0.010651   0.001575   0.018091   0.000714  -0.003573
	  -0.017516   0.623325   0.025243  -0.010982   0.015102   0.005629  -0.003059
	   0.006160   0.001511   0.002965   0.010959   0.004246   0.007665  -0.000742
	  -0.017485  -0.000429   0.010998   0.000277   0.003719
	   0.024934   0.025243   0.714232   0.103000  -0.142869  -0.017536   0.019064
	  -0.025697   0.054755   0.072184   0.052493  -0.016832  -0.011462  -0.029987
	  -0.052612  -0.008019   0.051605  -0.008705  -0.005326
	  -0.009800  -0.010982   0.103000   0.065754   0.315878  -0.050609  -0.009847
	  -0.005833  -0.014727   0.023422  -0.011277   0.052427   0.039945   0.083544
	   0.025436   0.010995  -0.021439   0.011665   0.007091
	   0.014505   0.015102  -0.142869   0.315878  -0.078898   0.003867   0.015005
	   0.005673   0.015120   0.089932   0.016850   0.087055   0.065743  -0.063365
	  -0.029662   0.003479   0.025168   0.002876   0.002135
	   0.005001   0.005629  -0.017536  -0.050609   0.003867   0.782574   0.142689
